更新时间2020-04-26 17:58:20
1
0.141161191979
0.121106292358
0.1278527463665
166.583374979177
15.6506768927
4.279722673971
1.147797262276
7.08410316
1
0.80096114432
0.90407737100033
1193.98357633
109.410184736916
30.31798339468
8.0849987964
8.990888085157
1.2850941
1
1.1449501135
1434.8446
142.856
39.4019513924
10.2882328077
7.6154081
1.10089997675
0.856864834181
1
1302.1893084846
130.1317083531
32.591834289145
8.59784991888
0.006013496
0.0008624057256
0.00067675526386
0.0007624421482825
1
0.090950618975835
0.026158360339844
0.006796226973272
0.0638956
0.0091684234517
0.0074409088303136
0.008383034187865
10.9949773982923
1
0.285206651959642
0.07137255358
0.230071
0.0327717793858406
0.02550730004291
0.0281416653
38.26226509237
3.618378747
1
0.26044952843
0.859576
0.124038487405
0.09588463161
0.1073491
139.8064
13.8119
3.8026
1
